21 0.6329380000000001 0.2896679999999999 0.13040100000000002 0.373539
3 0.184111 0.724393 0.13875299999999996 0.36913400000000013
3 0.493757 0.706042 0.12315000000000005 0.36737
1 0.7713694444444446 0.2903177307692308 0.13186428571428566 0.39244146153846154
2 0.8444270000000001 0.6890729999999999 0.128628 0.34756499999999985
7 0.251573 0.29972499999999996 0.11897699999999999 0.366445
7 0.6884453015873014 0.695154 0.12270899999999994 0.36632400000000015
7 0.37442630158730145 0.29545 0.11777200000000002 0.355332
7 0.331789 0.7127620000000001 0.12325600000000007 0.355256
7 0.331942 0.713553 0.12551800000000002 0.3593759999999999
