2 0.8405570000000001 0.7274669999999999 0.12500200000000009 0.3574049999999999
4 0.6849919999999999 0.7255019999999999 0.12448499999999996 0.33996699999999985
9 0.393794 0.336237 0.13678499999999993 0.33938
2 0.7611460000000001 0.32783 0.13431900000000005 0.368208
4 0.490954 0.72256 0.128425 0.35643500000000006
0 0.177431 0.736801 0.13060399999999997 0.3606690000000002
5 0.26064599999999993 0.323205 0.11935099999999996 0.3561349999999999
5 0.335548 0.7257500000000001 0.12016099999999996 0.355543
21 0.628622 0.32836 0.11783499999999991 0.3618820000000001
5 0.038128999999999996 0.6935860000000001 0.07618299999999999 0.4147050000000001
