7 0.691556 0.712476 0.12468999999999994 0.37015299999999995
0 0.17829299999999998 0.751544 0.137911 0.37378600000000006
1 0.340128 0.7450521111111112 0.144671 0.36301700000000003
1 0.498625 0.720695 0.11416099999999994 0.35330000000000006
5 0.378588 0.31777 0.1339750000000001 0.37947299999999995
9 0.249548 0.33165 0.133838 0.369589
13 0.6185339999999999 0.30254500000000006 0.12379899999999996 0.37374
9 0.856335 0.6922960000000001 0.1345190000000001 0.36039399999999994
11 0.747459 0.29246 0.12772699999999998 0.368551
11 0.7471505679012347 0.29446 0.12986599999999998 0.368912
