7 0.699207 0.7177620000000001 0.12993600000000002 0.373791
3 0.865062 0.716248 0.1346780000000002 0.37145899999999993
1 0.788019 0.295535 0.11203000000000005 0.351591
3 0.18025 0.734422 0.138313 0.37111199999999983
3 0.49979000000000007 0.722998 0.13689300000000004 0.37638699999999997
9 0.342884 0.7249079999999999 0.12914800000000007 0.3694979999999999
12 0.6553588888888888 0.29495299999999997 0.1371789999999999 0.362107
1 0.390966 0.296645 0.122358 0.363284
1 0.261769 0.301776 0.11772899999999997 0.37747500000000006
7 0.26224100000000006 0.300937 0.11767800000000005 0.37587499999999996
