7 0.834401 0.739757 0.135564 0.38614199999999993
6 0.679097 0.7387019999999999 0.12224300000000006 0.373906
2 0.7607820000000001 0.337475 0.12096400000000006 0.37377699999999997
2 0.170133 0.7467700000000002 0.12086699999999999 0.3638419999999999
3 0.333198 0.743428 0.10997900000000004 0.36393699999999995
5 0.48462999999999995 0.741472 0.12406 0.3687400000000001
11 0.6353880000000001 0.326968 0.12078699999999998 0.3822420000000001
6 0.266356 0.322836 0.11720200000000004 0.37298400000000004
9 0.39297200000000004 0.320572 0.12390199999999994 0.3782420000000001
0 0.391681 0.321861 0.12292200000000002 0.37748300000000007
