1 0.83224 0.751764 0.0990850000000002 0.339734
1 0.768299 0.352053 0.10577799999999996 0.3421910000000001
3 0.680819 0.7446339999999999 0.12322100000000005 0.360128
4 0.3269474189189189 0.7192250681818183 0.1282191621621622 0.3657228636363635
5 0.264005 0.32145899999999994 0.12333700000000002 0.354011
8 0.48503300000000005 0.727488 0.13014099999999998 0.3451060000000002
9 0.3941 0.33689199999999997 0.12715299999999993 0.348599
6 0.170848 0.713683 0.13049 0.33795
5 0.170032 0.7119020000000001 0.131066 0.34045900000000007
34 0.6513690000000001 0.34372199999999997 0.12491800000000011 0.3431509999999999
