6 0.478993 0.737129 0.12172999999999998 0.3731120000000001
1 0.316119 0.7428730000000001 0.11754100000000005 0.3784059999999999
1 0.832582 0.754008 0.1107240000000001 0.37545999999999985
5 0.676208 0.734069 0.13392300000000001 0.3750279999999999
1 0.7545840000000001 0.336375 0.11595899999999995 0.358506
9 0.382559 0.329264 0.127709 0.36484300000000003
9 0.161999 0.731449 0.13643099999999997 0.3696189999999999
5 0.245498 0.319258 0.13155399999999995 0.36527999999999994
21 0.631373 0.334989 0.12480599999999992 0.37019899999999994
5 0.972955 0.793441 0.05381600000000014 0.34973400000000004
