7 0.15347900000000003 0.744685 0.12865500000000002 0.36319600000000013
4 0.844359 0.6710799999999999 0.13171499999999994 0.367088
6 0.48144300000000007 0.7078919999999999 0.12334999999999995 0.386196
6 0.32809 0.736515 0.13831300000000002 0.37742100000000006
1 0.7325420000000001 0.283354 0.10767800000000001 0.36403699999999994
5 0.226661 0.333735 0.140203 0.35792099999999993
9 0.357395 0.32213800000000004 0.13062200000000002 0.35854900000000006
5 0.680146 0.682281 0.13093000000000005 0.3550269999999999
23 0.6022588659793815 0.2867127058823529 0.13875599999999996 0.37105400000000005
5 0.022745 0.650399 0.04531 0.431956
