1 0.18331 0.734705 0.115925 0.347356
1 0.7716929999999999 0.309448 0.11057199999999985 0.34274999999999994
2 0.3353209999999999 0.739292 0.12334900000000003 0.352673
3 0.697887 0.726048 0.12513599999999994 0.360469
9 0.493017 0.731076 0.12240299999999994 0.358848
8 0.851604 0.713785 0.1367279999999999 0.3628449999999999
7 0.247631 0.315942 0.11397899999999997 0.352607
7 0.370881 0.316076 0.12032500000000003 0.35323
1 0.24846000000000001 0.31625000000000003 0.11567799999999999 0.35441300000000003
1 0.37058699999999994 0.316795 0.121781 0.351039
13 0.6255681818181817 0.30844155844155846 0.14545454545454542 0.37012987012987014
